整体刚度矩阵：
[[  2.01440000e+05   1.13647223e-12  -3.60000000e+03  -2.00000000e+05
    0.00000000e+00   0.00000000e+00   0.00000000e+00]
 [  1.13647223e-12   2.09600000e+04   2.40000000e+03   0.00000000e+00
   -9.60000000e+02   2.40000000e+03   0.00000000e+00]
 [ -3.60000000e+03   2.40000000e+03   2.00000000e+04   0.00000000e+00
   -2.40000000e+03   4.00000000e+03   0.00000000e+00]
 [ -2.00000000e+05   0.00000000e+00   0.00000000e+00   2.01440000e+05
    1.13647223e-12   0.00000000e+00  -3.60000000e+03]
 [  0.00000000e+00  -9.60000000e+02  -2.40000000e+03   1.13647223e-12
    2.09600000e+04  -2.40000000e+03   2.20436424e-13]
 [  0.00000000e+00   2.40000000e+03   4.00000000e+03   0.00000000e+00
   -2.40000000e+03   8.00000000e+03   0.00000000e+00]
 [  0.00000000e+00   0.00000000e+00   0.00000000e+00  -3.60000000e+03
    2.20436424e-13   0.00000000e+00   1.20000000e+04]]
结点位移：
[ 0.00605933 -0.00010471  0.00302858  0.00604844  0.00110471 -0.00375559
  0.00181453]
单元编号：1
整体坐标系下单元1刚度矩阵：
[[ 200000.       0.       0. -200000.       0.       0.]
 [      0.     960.    2400.       0.    -960.    2400.]
 [      0.    2400.    8000.       0.   -2400.    4000.]
 [-200000.       0.       0.  200000.       0.       0.]
 [      0.    -960.   -2400.       0.     960.   -2400.]
 [      0.    2400.    4000.       0.   -2400.    8000.]]
局部坐标系下单元1杆端内力：
[2.177, -27.906, -14.529, -2.177, -22.094, 0.0]
局部坐标系下单元1结点位移分量：
[ 0.00605933 -0.00010471  0.00302858  0.00604844  0.00110471 -0.00375559]
整体坐标系下单元1结点位移分量：
[ 0.00605933 -0.00010471  0.00302858  0.00604844  0.00110471 -0.00375559]

单元编号：2
整体坐标系下单元2刚度矩阵：
[[  1.44000000e+03   1.13647223e-12  -3.60000000e+03  -1.44000000e+03
   -1.13647223e-12  -3.60000000e+03]
 [  1.13647223e-12   2.00000000e+04   2.20436424e-13  -1.13647223e-12
   -2.00000000e+04   2.20436424e-13]
 [ -3.60000000e+03   2.20436424e-13   1.20000000e+04   3.60000000e+03
   -2.20436424e-13   6.00000000e+03]
 [ -1.44000000e+03  -1.13647223e-12   3.60000000e+03   1.44000000e+03
    1.13647223e-12   3.60000000e+03]
 [ -1.13647223e-12  -2.00000000e+04  -2.20436424e-13   1.13647223e-12
    2.00000000e+04  -2.20436424e-13]
 [ -3.60000000e+03   2.20436424e-13   6.00000000e+03   3.60000000e+03
   -2.20436424e-13   1.20000000e+04]]
局部坐标系下单元2杆端内力：
[-2.094, 2.177, 14.529, 2.094, -2.177, -3.642]
局部坐标系下单元2结点位移分量：
[-0.00010471 -0.00605933  0.00302858  0.          0.          0.        ]
整体坐标系下单元2结点位移分量：
[ 0.00605933 -0.00010471  0.00302858  0.          0.          0.        ]

单元编号：3
整体坐标系下单元3刚度矩阵：
[[  1.44000000e+03   1.13647223e-12  -3.60000000e+03  -1.44000000e+03
   -1.13647223e-12  -3.60000000e+03]
 [  1.13647223e-12   2.00000000e+04   2.20436424e-13  -1.13647223e-12
   -2.00000000e+04   2.20436424e-13]
 [ -3.60000000e+03   2.20436424e-13   1.20000000e+04   3.60000000e+03
   -2.20436424e-13   6.00000000e+03]
 [ -1.44000000e+03  -1.13647223e-12   3.60000000e+03   1.44000000e+03
    1.13647223e-12   3.60000000e+03]
 [ -1.13647223e-12  -2.00000000e+04  -2.20436424e-13   1.13647223e-12
    2.00000000e+04  -2.20436424e-13]
 [ -3.60000000e+03   2.20436424e-13   6.00000000e+03   3.60000000e+03
   -2.20436424e-13   1.20000000e+04]]
局部坐标系下单元3杆端内力：
[22.094, -2.177, 0.0, -22.094, 2.177, -10.887]
局部坐标系下单元3结点位移分量：
[ 0.00110471 -0.00604844  0.00181453  0.          0.          0.        ]
整体坐标系下单元3结点位移分量：
[ 0.00604844  0.00110471  0.00181453  0.          0.          0.        ]

